WW_tarseq_419_arrow	6940000	6940999	129	109	115	108	126	134	122	126	127	140	115	91	104	101
WW_tarseq_419_arrow	6941000	6941999	127	103	98	86	98	104	133	107	129	124	96	94	70	125
WW_tarseq_419_arrow	6942000	6942999	91	89	67	75	76	67	132	78	73	79	69	66	61	70
WW_tarseq_419_arrow	6943000	6943999	89	57	72	79	64	63	128	84	79	55	59	58	27	80
WW_tarseq_419_arrow	6944000	6944999	72	49	58	56	44	31	132	61	55	39	39	33	24	49
WW_tarseq_419_arrow	6945000	6945999	73	58	61	42	53	58	105	34	49	44	40	67	31	53
WW_tarseq_419_arrow	6946000	6946999	83	85	75	65	71	85	104	43	71	63	51	60	40	71
WW_tarseq_419_arrow	6947000	6947999	129	131	93	82	81	66	123	65	101	92	41	82	40	64
WW_tarseq_419_arrow	6948000	6948999	24	112	116	72	51	38	38	61	45	63	11	123	15	64
WW_tarseq_419_arrow	6949000	6949999	30	42	81	35	50	30	32	22	34	45	34	75	9	41
WW_tarseq_419_arrow	6950000	6950999	96	105	95	80	123	49	102	77	80	126	55	77	35	57
WW_tarseq_419_arrow	6951000	6951999	255	260	292	152	281	177	184	223	207	209	139	144	129	227
WW_tarseq_419_arrow	6952000	6952999	247	222	195	130	176	168	159	211	178	169	134	94	114	200
WW_tarseq_419_arrow	6953000	6953999	410	382	317	263	307	203	233	355	262	284	230	144	123	376
WW_tarseq_419_arrow	6954000	6954999	118	176	99	98	62	49	85	137	80	78	60	55	36	111
WW_tarseq_419_arrow	6955000	6955999	33	60	66	57	40	37	25	76	24	86	46	21	28	67
WW_tarseq_419_arrow	6956000	6956999	49	45	51	83	58	57	35	87	38	100	73	30	50	62
WW_tarseq_419_arrow	6957000	6957999	85	71	64	62	74	62	88	65	46	47	45	49	51	61
WW_tarseq_419_arrow	6958000	6958999	136	91	116	97	124	110	125	134	115	112	81	91	76	126
WW_tarseq_419_arrow	6959000	6959999	121	114	103	115	106	103	110	83	92	104	68	82	81	115
WW_tarseq_419_arrow	6960000	6960999	42	21	23	41	46	41	25	25	24	39	72	20	47	99
WW_tarseq_419_arrow	6961000	6961999	7	12	21	21	16	10	20	11	21	15	67	5	33	60
WW_tarseq_419_arrow	6962000	6962999	67	65	40	44	58	54	61	61	51	73	53	43	48	75
WW_tarseq_419_arrow	6963000	6963999	52	32	15	36	51	30	28	31	31	25	13	16	15	29
WW_tarseq_419_arrow	6964000	6964999	52	60	44	33	30	28	70	52	28	36	52	46	34	30
WW_tarseq_419_arrow	6965000	6965999	88	51	30	70	91	65	39	25	34	17	31	27	24	26
WW_tarseq_419_arrow	6966000	6966999	124	66	57	80	56	85	41	39	54	78	49	45	61	48
WW_tarseq_419_arrow	6967000	6967999	147	86	47	87	70	69	57	81	61	102	72	74	79	126
WW_tarseq_419_arrow	6968000	6968999	227	131	90	172	141	95	63	62	46	63	81	49	83	67
WW_tarseq_419_arrow	6969000	6969999	120	67	7	71	61	43	32	40	21	32	92	27	37	39
WW_tarseq_419_arrow	6970000	6970999	76	38	21	36	45	21	31	34	39	18	12	26	26	29
WW_tarseq_419_arrow	6971000	6971999	221	256	225	196	240	209	243	176	176	175	149	154	157	216
WW_tarseq_419_arrow	6972000	6972999	163	172	184	148	203	129	163	158	156	164	104	89	112	196
WW_tarseq_419_arrow	6973000	6973999	146	133	99	112	139	87	110	124	91	96	102	45	100	143
WW_tarseq_419_arrow	6974000	6974999	50	44	26	29	16	12	61	36	40	38	29	31	49	51
WW_tarseq_419_arrow	6975000	6975999	91	129	106	71	57	119	62	136	95	63	61	53	49	108
WW_tarseq_419_arrow	6976000	6976999	131	240	133	85	90	174	77	227	106	98	84	79	58	196
WW_tarseq_419_arrow	6977000	6977999	8	10	18	9	13	22	22	13	18	16	21	27	16	27
WW_tarseq_419_arrow	6978000	6978999	9	1	7	4	7	7	12	6	6	6	7	9	10	11
WW_tarseq_419_arrow	6979000	6979999	25	18	5	11	14	9	12	17	14	7	8	27	19	9
WW_tarseq_419_arrow	6980000	6980999	40	55	7	5	20	35	20	37	26	15	3	37	33	13
WW_tarseq_419_arrow	6981000	6981999	14	41	10	21	14	16	7	18	17	8	8	20	13	16
WW_tarseq_419_arrow	6982000	6982999	53	43	72	37	31	18	21	26	50	31	24	17	28	22
WW_tarseq_419_arrow	6983000	6983999	17	7	38	11	25	22	4	2	10	1	5	7	7	1
WW_tarseq_419_arrow	6984000	6984999	45	36	46	25	39	27	34	29	33	37	24	17	30	12
WW_tarseq_419_arrow	6985000	6985999	26	35	56	46	22	46	39	38	37	16	31	25	23	33
WW_tarseq_419_arrow	6986000	6986999	135	123	168	162	132	114	119	133	158	105	134	74	93	99
WW_tarseq_419_arrow	6987000	6987999	39	48	55	57	39	52	42	54	34	57	17	32	38	52
WW_tarseq_419_arrow	6988000	6988999	22	14	3	14	8	4	16	5	10	13	13	10	3	27
WW_tarseq_419_arrow	6989000	6989999	97	107	95	92	100	84	85	80	104	77	50	62	68	88
WW_tarseq_419_arrow	6990000	6990999	197	135	119	121	168	109	61	93	143	91	76	87	88	151
WW_tarseq_419_arrow	6991000	6991999	59	57	67	30	42	42	33	20	67	24	34	60	7	20
WW_tarseq_419_arrow	6992000	6992999	120	99	87	67	75	100	101	61	80	68	68	61	47	54
WW_tarseq_419_arrow	6993000	6993999	111	57	62	94	54	79	55	40	73	40	61	41	38	76
WW_tarseq_419_arrow	6994000	6994999	374	316	234	383	213	251	208	227	267	237	211	243	159	362
WW_tarseq_419_arrow	6995000	6995999	366	179	160	242	79	326	130	171	133	120	117	97	165	222
WW_tarseq_419_arrow	6996000	6996999	210	138	149	334	73	277	51	182	139	64	133	105	184	269
WW_tarseq_419_arrow	6997000	6997999	85	66	89	92	1	93	16	73	62	37	32	2	63	103
WW_tarseq_419_arrow	6998000	6998999	61	34	77	78	16	102	24	54	19	17	25	13	59	135
WW_tarseq_419_arrow	6999000	6999999	151	77	96	145	26	174	105	104	71	24	42	44	62	144
WW_tarseq_419_arrow	7000000	7000999	177	106	91	195	67	153	85	79	117	136	103	95	62	184
WW_tarseq_419_arrow	7001000	7001999	14	8	8	13	18	9	22	8	2	10	20	13	14	6
WW_tarseq_419_arrow	7002000	7002999	16	15	1	11	8	22	22	10	13	14	13	8	10	7
WW_tarseq_419_arrow	7003000	7003999	7	0	12	18	9	9	12	9	15	16	4	10	7	9
WW_tarseq_419_arrow	7004000	7004999	32	44	19	28	30	25	36	24	38	27	18	24	15	33
WW_tarseq_419_arrow	7005000	7005999	43	6	35	43	27	17	46	6	12	14	0	20	2	2
WW_tarseq_419_arrow	7006000	7006999	67	15	16	13	26	31	44	5	12	26	20	55	9	21
WW_tarseq_419_arrow	7007000	7007999	66	60	51	40	58	37	44	49	37	48	28	29	36	63
WW_tarseq_419_arrow	7008000	7008999	86	96	54	46	68	53	63	48	43	59	43	36	26	60
WW_tarseq_419_arrow	7009000	7009999	41	11	16	10	26	16	28	8	1	7	24	21	8	11
WW_tarseq_419_arrow	7010000	7010999	72	46	56	70	48	31	95	40	52	45	48	34	28	56
WW_tarseq_419_arrow	7011000	7011999	39	36	33	62	39	21	49	42	43	46	24	25	22	51
WW_tarseq_419_arrow	7012000	7012999	0	2	0	1	0	0	1	0	0	0	0	0	20	0
WW_tarseq_419_arrow	7013000	7013999	155	97	124	104	115	109	120	114	123	135	74	57	94	107
WW_tarseq_419_arrow	7014000	7014999	36	44	18	36	40	14	14	31	31	13	16	5	30	8
WW_tarseq_419_arrow	7015000	7015999	62	77	75	29	35	64	35	38	30	54	0	46	51	0
WW_tarseq_419_arrow	7016000	7016999	88	122	63	51	70	81	42	86	69	46	32	68	55	23
WW_tarseq_419_arrow	7017000	7017999	80	45	89	13	36	79	56	27	21	65	16	68	64	2
WW_tarseq_419_arrow	7018000	7018999	39	25	57	10	14	14	43	17	10	59	8	34	28	27
WW_tarseq_419_arrow	7019000	7019999	61	92	78	62	48	98	97	70	68	87	50	55	69	71
WW_tarseq_419_arrow	7020000	7020999	20	25	40	6	4	26	35	32	15	40	5	44	35	9
WW_tarseq_419_arrow	7021000	7021999	51	44	79	32	44	52	50	51	30	96	21	45	45	27
WW_tarseq_419_arrow	7022000	7022999	76	64	59	55	57	23	31	54	48	49	26	57	41	54
WW_tarseq_419_arrow	7023000	7023999	31	33	41	91	45	37	27	55	30	62	19	56	20	19
WW_tarseq_419_arrow	7024000	7024999	127	72	124	128	145	107	35	185	87	187	48	131	85	66
WW_tarseq_419_arrow	7025000	7025999	72	20	60	61	59	78	32	53	33	100	18	39	32	34
WW_tarseq_419_arrow	7026000	7026999	52	63	152	47	42	80	118	64	64	109	21	13	35	39
WW_tarseq_419_arrow	7027000	7027999	26	4	4	0	29	81	50	2	3	1	18	50	22	42
WW_tarseq_419_arrow	7028000	7028999	76	1	0	1	67	62	82	3	2	6	49	115	56	18
WW_tarseq_419_arrow	7029000	7029999	69	13	23	32	71	49	72	21	3	26	28	48	33	27
WW_tarseq_419_arrow	7030000	7030999	26	10	14	11	18	21	32	7	11	9	10	19	10	7
WW_tarseq_419_arrow	7031000	7031999	54	50	10	52	43	43	41	43	27	21	28	42	40	31
WW_tarseq_419_arrow	7032000	7032999	30	36	35	65	23	24	68	18	37	46	19	31	23	51
WW_tarseq_419_arrow	7033000	7033999	83	64	29	69	38	59	60	61	46	22	29	56	62	39
WW_tarseq_419_arrow	7034000	7034999	115	124	94	125	100	105	157	148	115	84	89	91	76	103
WW_tarseq_419_arrow	7035000	7035999	0	0	0	0	0	0	3	5	0	0	1	0	0	1
WW_tarseq_419_arrow	7036000	7036999	2	4	3	5	11	1	5	4	12	5	0	5	0	2
WW_tarseq_419_arrow	7037000	7037999	23	13	11	18	5	10	18	14	18	31	10	13	15	4
WW_tarseq_419_arrow	7038000	7038999	1	1	0	2	1	2	1	10	3	9	2	1	4	3
WW_tarseq_419_arrow	7039000	7039999	13	11	2	11	11	14	6	17	10	16	10	0	13	7
WW_tarseq_419_arrow	7040000	7040999	40	33	31	62	30	31	31	41	33	55	28	27	44	44
WW_tarseq_419_arrow	7041000	7041999	194	200	166	200	155	127	174	154	165	130	116	98	136	208
WW_tarseq_419_arrow	7042000	7042999	255	262	201	207	216	223	258	211	241	199	169	138	178	270
WW_tarseq_419_arrow	7043000	7043999	215	198	150	236	187	162	205	217	171	145	131	114	135	168
WW_tarseq_419_arrow	7044000	7044999	23	54	25	16	5	15	17	16	22	21	18	26	14	12
WW_tarseq_419_arrow	7045000	7045999	72	65	80	89	77	54	119	85	111	101	51	112	69	40
WW_tarseq_419_arrow	7046000	7046999	200	196	156	241	200	153	275	135	215	180	106	264	110	147
WW_tarseq_419_arrow	7047000	7047999	126	133	79	92	98	80	113	101	127	108	77	113	59	100
WW_tarseq_419_arrow	7048000	7048999	4	0	1	9	5	2	3	3	3	2	1	0	3	2
WW_tarseq_419_arrow	7049000	7049999	8	13	0	2	7	18	19	6	1	0	4	6	3	7
WW_tarseq_419_arrow	7050000	7050999	2	0	1	2	0	11	1	4	0	2	0	0	1	2
WW_tarseq_419_arrow	7051000	7051999	5	6	3	5	11	10	10	2	6	9	2	7	4	7
WW_tarseq_419_arrow	7052000	7052999	22	29	15	13	30	42	35	22	30	20	15	16	18	20
WW_tarseq_419_arrow	7053000	7053999	3	5	9	4	3	8	1	5	4	2	1	1	0	9
WW_tarseq_419_arrow	7054000	7054999	5	1	0	6	9	0	0	6	0	0	1	1	0	0
WW_tarseq_419_arrow	7055000	7055999	27	29	10	44	27	8	3	18	21	10	5	12	7	0
WW_tarseq_419_arrow	7056000	7056999	27	2	1	5	16	13	20	3	9	3	18	19	7	3
WW_tarseq_419_arrow	7057000	7057999	9	6	4	5	5	4	4	4	3	6	1	5	4	3
WW_tarseq_419_arrow	7058000	7058999	28	37	10	17	20	14	27	19	18	33	8	15	21	3
WW_tarseq_419_arrow	7059000	7059999	73	79	23	50	36	57	32	50	55	41	38	28	36	49
WW_tarseq_419_arrow	7060000	7060999	100	66	60	66	64	42	45	59	58	41	27	40	32	63
WW_tarseq_419_arrow	7061000	7061999	156	98	108	73	118	124	74	121	118	82	59	101	78	70
WW_tarseq_419_arrow	7062000	7062999	80	67	53	79	77	50	86	84	65	50	34	57	37	53
WW_tarseq_419_arrow	7063000	7063999	70	63	47	70	39	92	72	57	78	60	26	73	24	43
WW_tarseq_419_arrow	7064000	7064999	27	16	20	23	19	34	20	31	24	24	16	32	21	31
WW_tarseq_419_arrow	7065000	7065999	36	40	19	21	15	17	23	21	14	30	14	10	9	12
WW_tarseq_419_arrow	7066000	7066999	38	29	35	35	32	36	25	30	42	29	14	27	20	37
WW_tarseq_419_arrow	7067000	7067999	169	131	124	112	101	188	67	112	125	103	84	91	81	85
WW_tarseq_419_arrow	7068000	7068999	103	81	59	44	102	86	55	90	69	52	51	44	50	57
WW_tarseq_419_arrow	7069000	7069999	83	90	61	84	78	78	96	77	87	79	38	64	30	79
WW_tarseq_419_arrow	7070000	7070999	53	45	47	58	52	41	41	46	42	44	36	67	25	52
WW_tarseq_419_arrow	7071000	7071999	22	38	22	31	12	19	24	26	12	31	21	15	36	16
WW_tarseq_419_arrow	7072000	7072999	45	23	21	23	22	21	23	22	30	14	14	6	11	37
WW_tarseq_419_arrow	7073000	7073999	61	58	44	36	29	48	59	46	38	43	30	30	27	60
WW_tarseq_419_arrow	7074000	7074999	318	250	212	255	234	255	192	228	256	217	190	178	184	229
WW_tarseq_419_arrow	7075000	7075999	83	101	69	91	70	84	57	70	71	79	72	34	45	62
WW_tarseq_419_arrow	7076000	7076999	79	58	51	70	37	59	59	46	54	67	55	36	38	87
WW_tarseq_419_arrow	7077000	7077999	118	99	61	87	83	117	103	87	90	54	69	57	86	81
WW_tarseq_419_arrow	7078000	7078999	214	143	185	162	145	180	212	149	156	138	130	111	118	172
WW_tarseq_419_arrow	7079000	7079999	244	247	241	229	231	194	287	294	279	260	151	158	172	213
WW_tarseq_419_arrow	7080000	7080999	258	331	294	336	308	228	305	293	328	215	150	194	269	269
WW_tarseq_419_arrow	7081000	7081999	229	220	226	220	189	163	214	222	184	185	158	135	209	188
WW_tarseq_419_arrow	7082000	7082999	142	156	97	142	90	131	157	131	158	69	72	92	98	111
WW_tarseq_419_arrow	7083000	7083999	43	41	6	41	24	39	33	47	44	10	35	19	40	55
WW_tarseq_419_arrow	7084000	7084999	2	10	6	11	4	11	1	10	4	10	38	1	31	53
WW_tarseq_419_arrow	7085000	7085999	49	47	37	41	24	31	29	34	34	23	47	21	59	52
WW_tarseq_419_arrow	7086000	7086999	62	48	61	69	63	36	49	36	40	51	22	25	27	29
WW_tarseq_419_arrow	7087000	7087999	149	152	126	119	137	106	122	108	101	97	34	91	42	66
WW_tarseq_419_arrow	7088000	7088999	143	127	117	98	131	108	97	93	117	115	39	85	62	52
WW_tarseq_419_arrow	7089000	7089999	100	101	75	78	73	75	72	65	73	76	40	97	67	70
WW_tarseq_419_arrow	7090000	7090999	124	136	125	129	125	114	138	147	87	115	72	108	95	129
WW_tarseq_419_arrow	7091000	7091999	163	138	142	125	149	144	111	143	143	140	89	102	114	135
WW_tarseq_419_arrow	7092000	7092999	145	128	108	82	120	132	146	108	92	120	87	107	84	135
WW_tarseq_419_arrow	7093000	7093999	166	136	90	123	126	158	148	138	129	132	91	87	80	130
WW_tarseq_419_arrow	7094000	7094999	141	189	96	120	147	125	141	128	135	122	85	83	85	116
WW_tarseq_419_arrow	7095000	7095999	189	112	134	116	144	127	173	92	139	103	81	87	81	130
WW_tarseq_419_arrow	7096000	7096999	185	166	129	159	155	175	143	141	144	108	104	93	105	133
WW_tarseq_419_arrow	7097000	7097999	121	96	131	102	115	131	100	130	93	112	93	87	107	135
WW_tarseq_419_arrow	7098000	7098999	81	153	139	52	43	129	52	126	47	135	101	109	62	160
WW_tarseq_419_arrow	7099000	7099999	98	180	140	40	64	132	73	114	69	128	110	114	32	124
WW_tarseq_419_arrow	7100000	7100999	119	158	113	82	69	99	90	135	92	107	96	128	54	142
WW_tarseq_419_arrow	7101000	7101999	166	164	137	124	135	112	148	154	123	134	118	130	91	149
WW_tarseq_419_arrow	7102000	7102999	184	144	140	149	138	128	159	111	127	118	108	121	97	148
WW_tarseq_419_arrow	7103000	7103999	154	158	124	136	139	141	139	125	113	147	89	102	95	124
WW_tarseq_419_arrow	7104000	7104999	124	107	99	94	130	143	97	125	104	99	97	84	95	129
WW_tarseq_419_arrow	7105000	7105999	142	104	128	113	152	108	130	117	144	111	105	114	96	109
WW_tarseq_419_arrow	7106000	7106999	147	127	156	133	142	132	154	103	134	108	103	97	83	137
WW_tarseq_419_arrow	7107000	7107999	162	147	162	122	131	140	140	111	125	99	99	97	79	134
WW_tarseq_419_arrow	7108000	7108999	155	134	132	121	129	106	133	120	152	114	113	77	112	121
WW_tarseq_419_arrow	7109000	7109999	100	127	117	94	92	107	105	123	95	95	95	47	83	97
WW_tarseq_419_arrow	7110000	7110999	105	111	147	127	160	135	113	125	125	153	104	95	95	101
WW_tarseq_419_arrow	7111000	7111999	133	159	111	121	110	155	111	146	120	121	90	94	75	122
WW_tarseq_419_arrow	7112000	7112999	85	118	80	99	71	111	60	126	128	107	79	51	77	106
WW_tarseq_419_arrow	7113000	7113999	95	89	94	136	79	133	76	99	120	62	83	65	65	144
WW_tarseq_419_arrow	7114000	7114999	121	130	94	111	108	96	88	104	104	86	84	86	90	157
WW_tarseq_419_arrow	7115000	7115999	179	179	125	122	151	119	121	124	130	117	110	94	94	151
WW_tarseq_419_arrow	7116000	7116999	166	128	149	82	111	109	118	124	92	135	66	91	104	139
WW_tarseq_419_arrow	7117000	7117999	146	99	126	123	113	105	153	115	112	138	75	126	58	145
WW_tarseq_419_arrow	7118000	7118999	127	125	128	92	105	133	133	100	110	145	88	109	100	141
WW_tarseq_419_arrow	7119000	7119999	153	146	113	128	112	160	151	137	114	137	100	103	90	133
WW_tarseq_419_arrow	7120000	7120999	188	217	125	132	156	159	124	123	176	173	112	128	97	167
WW_tarseq_419_arrow	7121000	7121999	189	188	136	134	128	161	189	140	175	173	103	134	116	156
WW_tarseq_419_arrow	7122000	7122999	138	127	121	132	111	155	119	110	134	153	75	92	93	123
WW_tarseq_419_arrow	7123000	7123999	118	80	131	120	147	160	152	130	92	139	96	86	72	138
WW_tarseq_419_arrow	7124000	7124999	170	135	172	149	179	203	146	145	104	130	102	83	92	181
WW_tarseq_419_arrow	7125000	7125999	154	146	125	99	98	136	114	101	106	145	72	91	89	140
WW_tarseq_419_arrow	7126000	7126999	104	67	86	83	80	97	107	86	104	83	112	58	66	87
WW_tarseq_419_arrow	7127000	7127999	37	50	25	94	85	39	36	105	101	43	106	20	20	135
WW_tarseq_419_arrow	7128000	7128999	115	124	56	153	87	80	73	135	106	62	94	58	56	115
WW_tarseq_419_arrow	7129000	7129999	97	79	68	127	91	78	78	91	95	80	81	63	38	133
WW_tarseq_419_arrow	7130000	7130999	158	116	140	138	133	139	122	135	130	147	128	91	88	122
WW_tarseq_419_arrow	7131000	7131999	174	102	156	148	115	152	112	129	158	122	87	102	120	139
WW_tarseq_419_arrow	7132000	7132999	159	99	215	129	119	174	159	152	181	177	151	128	158	192
WW_tarseq_419_arrow	7133000	7133999	425	383	387	349	330	265	480	450	402	306	266	214	279	348
WW_tarseq_419_arrow	7134000	7134999	306	252	274	304	261	228	364	312	240	206	227	177	239	279
WW_tarseq_419_arrow	7135000	7135999	170	146	171	144	130	172	148	149	137	153	87	125	109	156
WW_tarseq_419_arrow	7136000	7136999	149	124	145	160	132	150	120	119	122	130	107	112	82	140
WW_tarseq_419_arrow	7137000	7137999	134	109	96	108	119	141	158	122	127	56	86	114	92	139
WW_tarseq_419_arrow	7138000	7138999	133	102	120	135	127	78	127	99	110	99	92	84	70	108
WW_tarseq_419_arrow	7139000	7139999	98	106	96	104	109	89	79	90	89	62	68	55	58	116
WW_tarseq_419_arrow	7140000	7140999	109	120	88	109	123	108	89	106	104	49	74	61	51	114
WW_tarseq_419_arrow	7141000	7141999	140	89	90	138	101	113	97	87	115	67	71	80	54	109
WW_tarseq_419_arrow	7142000	7142999	214	163	90	176	174	129	140	196	198	110	88	81	112	162
WW_tarseq_419_arrow	7143000	7143999	146	149	117	109	108	89	83	113	120	125	80	111	104	114
WW_tarseq_419_arrow	7144000	7144999	173	160	132	134	137	98	140	141	133	133	77	80	96	107
WW_tarseq_419_arrow	7145000	7145999	94	131	142	133	80	57	78	144	154	116	65	22	59	125
WW_tarseq_419_arrow	7146000	7146999	113	144	118	100	80	100	43	135	140	133	54	57	51	122
WW_tarseq_419_arrow	7147000	7147999	87	149	73	102	79	90	84	99	122	116	61	46	36	116
WW_tarseq_419_arrow	7148000	7148999	78	118	126	130	84	69	59	100	97	119	66	32	32	140
WW_tarseq_419_arrow	7149000	7149999	162	117	139	127	84	105	102	111	101	121	80	81	91	120
WW_tarseq_419_arrow	7150000	7150999	174	149	163	134	118	118	145	95	105	120	97	96	82	126
WW_tarseq_419_arrow	7151000	7151999	167	180	139	158	117	162	139	133	107	126	105	102	86	120
WW_tarseq_419_arrow	7152000	7152999	136	163	95	121	145	135	146	118	97	116	117	113	62	116
WW_tarseq_419_arrow	7153000	7153999	153	182	122	110	142	167	167	132	121	143	131	91	122	128
WW_tarseq_419_arrow	7154000	7154999	154	133	141	136	146	126	119	127	150	124	84	98	88	117
WW_tarseq_419_arrow	7155000	7155999	132	100	125	144	109	104	90	114	107	142	81	66	67	112
WW_tarseq_419_arrow	7156000	7156999	92	15	153	135	70	73	21	91	87	138	57	6	4	86
WW_tarseq_419_arrow	7157000	7157999	143	121	123	148	121	111	127	138	109	135	67	93	87	126
WW_tarseq_419_arrow	7158000	7158999	166	159	175	143	145	127	155	150	137	154	72	77	60	131
WW_tarseq_419_arrow	7159000	7159999	146	111	118	118	97	105	131	112	102	87	62	84	84	113
WW_tarseq_419_arrow	7160000	7160999	161	147	174	147	142	179	154	129	133	119	88	115	103	157
